return {
-- Table: {1}
{
   {2},
   {3},
   {4},
   {5},
   {6},
   {7},
   {8},
   {9},
   {10},
   {11},
   {12},
   {13},
   {14},
   {15},
   {16},
   {17},
   {18},
   {19},
   {20},
   {21},
   {22},
   {23},
   {24},
   {25},
   {26},
   {27},
   {28},
   {29},
   {30},
   {31},
   {32},
   {33},
   {34},
   {35},
   {36},
   {37},
   {38},
   {39},
   {40},
   {41},
   {42},
   {43},
   {44},
   {45},
   {46},
   {47},
   {48},
   {49},
   {50},
   {51},
   {52},
   {53},
   {54},
   {55},
   {56},
   {57},
   {58},
   {59},
   {60},
   {61},
   {62},
   {63},
   {64},
   {65},
   {66},
   {67},
   {68},
   {69},
   {70},
   {71},
   {72},
   {73},
   {74},
   {75},
   {76},
   {77},
   {78},
   {79},
   {80},
   {81},
   {82},
   {83},
   {84},
   {85},
   {86},
   {87},
   {88},
   {89},
   {90},
   {91},
   {92},
   {93},
   {94},
   {95},
   {96},
   {97},
   {98},
   {99},
   {100},
   {101},
   {102},
   {103},
   {104},
   {105},
   {106},
   {107},
   {108},
   {109},
   {110},
   {111},
   {112},
   {113},
   {114},
   {115},
   {116},
   {117},
   {118},
   {119},
   {120},
   {121},
   {122},
   {123},
   {124},
   {125},
   {126},
   {127},
   {128},
   {129},
   [0]={130},
},
-- Table: {2}
{
   53,
   53,
   53,
   42,
   42,
   42,
   42,
   53,
   53,
   53,
   53,
   42,
   42,
   42,
   42,
   53,
   53,
   53,
   53,
   42,
   42,
   42,
   42,
   53,
   53,
   53,
   53,
   42,
   42,
   42,
   42,
   53,
   53,
   53,
   53,
   42,
   42,
   42,
   42,
   53,
   53,
   53,
   53,
   42,
   42,
   42,
   42,
   53,
   53,
   53,
   53,
   42,
   42,
   42,
   42,
   53,
   53,
   53,
   53,
   42,
   42,
   42,
   42,
   53,
   [0]=53,
},
-- Table: {3}
{
   53,
   53,
   53,
   43,
   43,
   43,
   43,
   53,
   53,
   53,
   53,
   43,
   43,
   43,
   43,
   53,
   53,
   53,
   53,
   43,
   43,
   43,
   43,
   53,
   53,
   53,
   53,
   43,
   43,
   43,
   43,
   53,
   53,
   53,
   53,
   43,
   43,
   43,
   43,
   53,
   53,
   53,
   53,
   43,
   43,
   43,
   43,
   53,
   53,
   53,
   53,
   43,
   43,
   43,
   43,
   53,
   53,
   53,
   53,
   43,
   43,
   43,
   43,
   53,
   [0]=53,
},
-- Table: {4}
{
   53,
   53,
   53,
   44,
   44,
   44,
   44,
   53,
   53,
   53,
   53,
   44,
   44,
   44,
   44,
   53,
   53,
   53,
   53,
   44,
   44,
   44,
   44,
   53,
   53,
   53,
   53,
   44,
   44,
   44,
   44,
   53,
   53,
   53,
   53,
   44,
   44,
   44,
   44,
   53,
   53,
   53,
   53,
   44,
   44,
   44,
   44,
   53,
   53,
   53,
   53,
   44,
   44,
   44,
   44,
   53,
   53,
   53,
   53,
   44,
   44,
   44,
   44,
   53,
   [0]=53,
},
-- Table: {5}
{
   5,
   3,
   1,
   45,
   45,
   45,
   45,
   119,
   117,
   115,
   113,
   45,
   45,
   45,
   45,
   103,
   101,
   99,
   97,
   45,
   45,
   45,
   45,
   87,
   85,
   83,
   81,
   45,
   45,
   45,
   45,
   71,
   69,
   67,
   65,
   45,
   45,
   45,
   45,
   55,
   53,
   51,
   49,
   45,
   45,
   45,
   45,
   39,
   37,
   35,
   33,
   45,
   45,
   45,
   45,
   23,
   21,
   19,
   17,
   45,
   45,
   45,
   45,
   7,
   [0]=7,
},
-- Table: {6}
{
   5,
   3,
   1,
   46,
   46,
   46,
   46,
   119,
   117,
   115,
   113,
   46,
   46,
   46,
   46,
   103,
   101,
   99,
   97,
   46,
   46,
   46,
   46,
   87,
   85,
   83,
   81,
   46,
   46,
   46,
   46,
   71,
   69,
   67,
   65,
   46,
   46,
   46,
   46,
   55,
   53,
   51,
   49,
   46,
   46,
   46,
   46,
   39,
   37,
   35,
   33,
   46,
   46,
   46,
   46,
   23,
   21,
   19,
   17,
   46,
   46,
   46,
   46,
   7,
   [0]=7,
},
-- Table: {7}
{
   5,
   3,
   1,
   47,
   47,
   47,
   47,
   119,
   117,
   115,
   113,
   47,
   47,
   47,
   47,
   103,
   101,
   99,
   97,
   47,
   47,
   47,
   47,
   87,
   85,
   83,
   81,
   47,
   47,
   47,
   47,
   71,
   69,
   67,
   65,
   47,
   47,
   47,
   47,
   55,
   53,
   51,
   49,
   47,
   47,
   47,
   47,
   39,
   37,
   35,
   33,
   47,
   47,
   47,
   47,
   23,
   21,
   19,
   17,
   47,
   47,
   47,
   47,
   7,
   [0]=7,
},
-- Table: {8}
{
   5,
   3,
   1,
   48,
   48,
   48,
   48,
   119,
   117,
   115,
   113,
   48,
   48,
   48,
   48,
   103,
   101,
   99,
   97,
   48,
   48,
   48,
   48,
   87,
   85,
   83,
   81,
   48,
   48,
   48,
   48,
   71,
   69,
   67,
   65,
   48,
   48,
   48,
   48,
   55,
   53,
   51,
   49,
   48,
   48,
   48,
   48,
   39,
   37,
   35,
   33,
   48,
   48,
   48,
   48,
   23,
   21,
   19,
   17,
   48,
   48,
   48,
   48,
   7,
   [0]=7,
},
-- Table: {9}
{
   53,
   53,
   53,
   49,
   49,
   49,
   49,
   53,
   53,
   53,
   53,
   49,
   49,
   49,
   49,
   53,
   53,
   53,
   53,
   49,
   49,
   49,
   49,
   53,
   53,
   53,
   53,
   49,
   49,
   49,
   49,
   53,
   53,
   53,
   53,
   49,
   49,
   49,
   49,
   53,
   53,
   53,
   53,
   49,
   49,
   49,
   49,
   53,
   53,
   53,
   53,
   49,
   49,
   49,
   49,
   53,
   53,
   53,
   53,
   49,
   49,
   49,
   49,
   53,
   [0]=53,
},
-- Table: {10}
{
   53,
   53,
   53,
   50,
   50,
   50,
   50,
   53,
   53,
   53,
   53,
   50,
   50,
   50,
   50,
   53,
   53,
   53,
   53,
   50,
   50,
   50,
   50,
   53,
   53,
   53,
   53,
   50,
   50,
   50,
   50,
   53,
   53,
   53,
   53,
   50,
   50,
   50,
   50,
   53,
   53,
   53,
   53,
   50,
   50,
   50,
   50,
   53,
   53,
   53,
   53,
   50,
   50,
   50,
   50,
   53,
   53,
   53,
   53,
   50,
   50,
   50,
   50,
   53,
   [0]=53,
},
-- Table: {11}
{
   53,
   53,
   53,
   51,
   51,
   51,
   51,
   53,
   53,
   53,
   53,
   51,
   51,
   51,
   51,
   53,
   53,
   53,
   53,
   51,
   51,
   51,
   51,
   53,
   53,
   53,
   53,
   51,
   51,
   51,
   51,
   53,
   53,
   53,
   53,
   51,
   51,
   51,
   51,
   53,
   53,
   53,
   53,
   51,
   51,
   51,
   51,
   53,
   53,
   53,
   53,
   51,
   51,
   51,
   51,
   53,
   53,
   53,
   53,
   51,
   51,
   51,
   51,
   53,
   [0]=53,
},
-- Table: {12}
{
   53,
   53,
   53,
   52,
   52,
   52,
   52,
   53,
   53,
   53,
   53,
   52,
   52,
   52,
   52,
   53,
   53,
   53,
   53,
   52,
   52,
   52,
   52,
   53,
   53,
   53,
   53,
   52,
   52,
   52,
   52,
   53,
   53,
   53,
   53,
   52,
   52,
   52,
   52,
   53,
   53,
   53,
   53,
   52,
   52,
   52,
   52,
   53,
   53,
   53,
   53,
   52,
   52,
   52,
   52,
   53,
   53,
   53,
   53,
   52,
   52,
   52,
   52,
   53,
   [0]=53,
},
-- Table: {13}
{
   5,
   3,
   1,
   53,
   53,
   53,
   53,
   119,
   117,
   115,
   113,
   53,
   53,
   53,
   53,
   103,
   101,
   99,
   97,
   53,
   53,
   53,
   53,
   87,
   85,
   83,
   81,
   53,
   53,
   53,
   53,
   71,
   69,
   67,
   65,
   53,
   53,
   53,
   53,
   55,
   53,
   51,
   49,
   53,
   53,
   53,
   53,
   39,
   37,
   35,
   33,
   53,
   53,
   53,
   53,
   23,
   21,
   19,
   17,
   53,
   53,
   53,
   53,
   7,
   [0]=7,
},
-- Table: {14}
{
   5,
   3,
   1,
   54,
   54,
   54,
   54,
   119,
   117,
   115,
   113,
   54,
   54,
   54,
   54,
   103,
   101,
   99,
   97,
   54,
   54,
   54,
   54,
   87,
   85,
   83,
   81,
   54,
   54,
   54,
   54,
   71,
   69,
   67,
   65,
   54,
   54,
   54,
   54,
   55,
   53,
   51,
   49,
   54,
   54,
   54,
   54,
   39,
   37,
   35,
   33,
   54,
   54,
   54,
   54,
   23,
   21,
   19,
   17,
   54,
   54,
   54,
   54,
   7,
   [0]=7,
},
-- Table: {15}
{
   5,
   3,
   1,
   55,
   55,
   55,
   55,
   119,
   117,
   115,
   113,
   55,
   55,
   55,
   55,
   103,
   101,
   99,
   97,
   55,
   55,
   55,
   55,
   87,
   85,
   83,
   81,
   55,
   55,
   55,
   55,
   71,
   69,
   67,
   65,
   55,
   55,
   55,
   55,
   55,
   53,
   51,
   49,
   55,
   55,
   55,
   55,
   39,
   37,
   35,
   33,
   55,
   55,
   55,
   55,
   23,
   21,
   19,
   17,
   55,
   55,
   55,
   55,
   7,
   [0]=7,
},
-- Table: {16}
{
   5,
   3,
   1,
   56,
   56,
   56,
   56,
   119,
   117,
   115,
   113,
   56,
   56,
   56,
   56,
   103,
   101,
   99,
   97,
   56,
   56,
   56,
   56,
   87,
   85,
   83,
   81,
   56,
   56,
   56,
   56,
   71,
   69,
   67,
   65,
   56,
   56,
   56,
   56,
   55,
   53,
   51,
   49,
   56,
   56,
   56,
   56,
   39,
   37,
   35,
   33,
   56,
   56,
   56,
   56,
   23,
   21,
   19,
   17,
   56,
   56,
   56,
   56,
   7,
   [0]=7,
},
-- Table: {17}
{
   53,
   53,
   53,
   57,
   57,
   57,
   57,
   53,
   53,
   53,
   53,
   57,
   57,
   57,
   57,
   53,
   53,
   53,
   53,
   57,
   57,
   57,
   57,
   53,
   53,
   53,
   53,
   57,
   57,
   57,
   57,
   53,
   53,
   53,
   53,
   57,
   57,
   57,
   57,
   53,
   53,
   53,
   53,
   57,
   57,
   57,
   57,
   53,
   53,
   53,
   53,
   57,
   57,
   57,
   57,
   53,
   53,
   53,
   53,
   57,
   57,
   57,
   57,
   53,
   [0]=53,
},
-- Table: {18}
{
   53,
   53,
   53,
   58,
   58,
   58,
   58,
   53,
   53,
   53,
   53,
   58,
   58,
   58,
   58,
   53,
   53,
   53,
   53,
   58,
   58,
   58,
   58,
   53,
   53,
   53,
   53,
   58,
   58,
   58,
   58,
   53,
   53,
   53,
   53,
   58,
   58,
   58,
   58,
   53,
   53,
   53,
   53,
   58,
   58,
   58,
   58,
   53,
   53,
   53,
   53,
   58,
   58,
   58,
   58,
   53,
   53,
   53,
   53,
   58,
   58,
   58,
   58,
   53,
   [0]=53,
},
-- Table: {19}
{
   53,
   53,
   53,
   59,
   59,
   59,
   59,
   53,
   53,
   53,
   53,
   59,
   59,
   59,
   59,
   53,
   53,
   53,
   53,
   59,
   59,
   59,
   59,
   53,
   53,
   53,
   53,
   59,
   59,
   59,
   59,
   53,
   53,
   53,
   53,
   59,
   59,
   59,
   59,
   53,
   53,
   53,
   53,
   59,
   59,
   59,
   59,
   53,
   53,
   53,
   53,
   59,
   59,
   59,
   59,
   53,
   53,
   53,
   53,
   59,
   59,
   59,
   59,
   53,
   [0]=53,
},
-- Table: {20}
{
   53,
   53,
   53,
   60,
   60,
   60,
   60,
   53,
   53,
   53,
   53,
   60,
   60,
   60,
   60,
   53,
   53,
   53,
   53,
   60,
   60,
   60,
   60,
   53,
   53,
   53,
   53,
   60,
   60,
   60,
   60,
   53,
   53,
   53,
   53,
   60,
   60,
   60,
   60,
   53,
   53,
   53,
   53,
   60,
   60,
   60,
   60,
   53,
   53,
   53,
   53,
   60,
   60,
   60,
   60,
   53,
   53,
   53,
   53,
   60,
   60,
   60,
   60,
   53,
   [0]=53,
},
-- Table: {21}
{
   5,
   3,
   1,
   61,
   61,
   61,
   61,
   119,
   117,
   115,
   113,
   61,
   61,
   61,
   61,
   103,
   101,
   99,
   97,
   61,
   61,
   61,
   61,
   87,
   85,
   83,
   81,
   61,
   61,
   61,
   61,
   71,
   69,
   67,
   65,
   61,
   61,
   61,
   61,
   55,
   53,
   51,
   49,
   61,
   61,
   61,
   61,
   39,
   37,
   35,
   33,
   61,
   61,
   61,
   61,
   23,
   21,
   19,
   17,
   61,
   61,
   61,
   61,
   7,
   [0]=7,
},
-- Table: {22}
{
   5,
   3,
   1,
   62,
   62,
   62,
   62,
   119,
   117,
   115,
   113,
   62,
   62,
   62,
   62,
   103,
   101,
   99,
   97,
   62,
   62,
   62,
   62,
   87,
   85,
   83,
   81,
   62,
   62,
   62,
   62,
   71,
   69,
   67,
   65,
   62,
   62,
   62,
   62,
   55,
   53,
   51,
   49,
   62,
   62,
   62,
   62,
   39,
   37,
   35,
   33,
   62,
   62,
   62,
   62,
   23,
   21,
   19,
   17,
   62,
   62,
   62,
   62,
   7,
   [0]=7,
},
-- Table: {23}
{
   5,
   3,
   1,
   63,
   63,
   63,
   63,
   119,
   117,
   115,
   113,
   63,
   63,
   63,
   63,
   103,
   101,
   99,
   97,
   63,
   63,
   63,
   63,
   87,
   85,
   83,
   81,
   63,
   63,
   63,
   63,
   71,
   69,
   67,
   65,
   63,
   63,
   63,
   63,
   55,
   53,
   51,
   49,
   63,
   63,
   63,
   63,
   39,
   37,
   35,
   33,
   63,
   63,
   63,
   63,
   23,
   21,
   19,
   17,
   63,
   63,
   63,
   63,
   7,
   [0]=7,
},
-- Table: {24}
{
   5,
   3,
   1,
   64,
   64,
   64,
   64,
   119,
   117,
   115,
   113,
   64,
   64,
   64,
   64,
   103,
   101,
   99,
   97,
   64,
   64,
   64,
   64,
   87,
   85,
   83,
   81,
   64,
   64,
   64,
   64,
   71,
   69,
   67,
   65,
   64,
   64,
   64,
   64,
   55,
   53,
   51,
   49,
   64,
   64,
   64,
   64,
   39,
   37,
   35,
   33,
   64,
   64,
   64,
   64,
   23,
   21,
   19,
   17,
   64,
   64,
   64,
   64,
   7,
   [0]=7,
},
-- Table: {25}
{
   53,
   53,
   53,
   65,
   65,
   65,
   65,
   53,
   53,
   53,
   53,
   65,
   65,
   65,
   65,
   53,
   53,
   53,
   53,
   65,
   65,
   65,
   65,
   53,
   53,
   53,
   53,
   65,
   65,
   65,
   65,
   53,
   53,
   53,
   53,
   65,
   65,
   65,
   65,
   53,
   53,
   53,
   53,
   65,
   65,
   65,
   65,
   53,
   53,
   53,
   53,
   65,
   65,
   65,
   65,
   53,
   53,
   53,
   53,
   65,
   65,
   65,
   65,
   53,
   [0]=53,
},
-- Table: {26}
{
   53,
   53,
   53,
   66,
   66,
   66,
   66,
   53,
   53,
   53,
   53,
   66,
   66,
   66,
   66,
   53,
   53,
   53,
   53,
   66,
   66,
   66,
   66,
   53,
   53,
   53,
   53,
   66,
   66,
   66,
   66,
   53,
   53,
   53,
   53,
   66,
   66,
   66,
   66,
   53,
   53,
   53,
   53,
   66,
   66,
   66,
   66,
   53,
   53,
   53,
   53,
   66,
   66,
   66,
   66,
   53,
   53,
   53,
   53,
   66,
   66,
   66,
   66,
   53,
   [0]=53,
},
-- Table: {27}
{
   53,
   53,
   53,
   67,
   67,
   67,
   67,
   53,
   53,
   53,
   53,
   67,
   67,
   67,
   67,
   53,
   53,
   53,
   53,
   67,
   67,
   67,
   67,
   53,
   53,
   53,
   53,
   67,
   67,
   67,
   67,
   53,
   53,
   53,
   53,
   67,
   67,
   67,
   67,
   53,
   53,
   53,
   53,
   67,
   67,
   67,
   67,
   53,
   53,
   53,
   53,
   67,
   67,
   67,
   67,
   53,
   53,
   53,
   53,
   67,
   67,
   67,
   67,
   53,
   [0]=53,
},
-- Table: {28}
{
   53,
   53,
   53,
   68,
   68,
   68,
   68,
   53,
   53,
   53,
   53,
   68,
   68,
   68,
   68,
   53,
   53,
   53,
   53,
   68,
   68,
   68,
   68,
   53,
   53,
   53,
   53,
   68,
   68,
   68,
   68,
   53,
   53,
   53,
   53,
   68,
   68,
   68,
   68,
   53,
   53,
   53,
   53,
   68,
   68,
   68,
   68,
   53,
   53,
   53,
   53,
   68,
   68,
   68,
   68,
   53,
   53,
   53,
   53,
   68,
   68,
   68,
   68,
   53,
   [0]=53,
},
-- Table: {29}
{
   5,
   3,
   1,
   69,
   69,
   69,
   69,
   119,
   117,
   115,
   113,
   69,
   69,
   69,
   69,
   103,
   101,
   99,
   97,
   69,
   69,
   69,
   69,
   87,
   85,
   83,
   81,
   69,
   69,
   69,
   69,
   71,
   69,
   67,
   65,
   69,
   69,
   69,
   69,
   55,
   53,
   51,
   49,
   69,
   69,
   69,
   69,
   39,
   37,
   35,
   33,
   69,
   69,
   69,
   69,
   23,
   21,
   19,
   17,
   69,
   69,
   69,
   69,
   7,
   [0]=7,
},
-- Table: {30}
{
   5,
   3,
   1,
   70,
   70,
   70,
   70,
   119,
   117,
   115,
   113,
   70,
   70,
   70,
   70,
   103,
   101,
   99,
   97,
   70,
   70,
   70,
   70,
   87,
   85,
   83,
   81,
   70,
   70,
   70,
   70,
   71,
   69,
   67,
   65,
   70,
   70,
   70,
   70,
   55,
   53,
   51,
   49,
   70,
   70,
   70,
   70,
   39,
   37,
   35,
   33,
   70,
   70,
   70,
   70,
   23,
   21,
   19,
   17,
   70,
   70,
   70,
   70,
   7,
   [0]=7,
},
-- Table: {31}
{
   5,
   3,
   1,
   71,
   71,
   71,
   71,
   119,
   117,
   115,
   113,
   71,
   71,
   71,
   71,
   103,
   101,
   99,
   97,
   71,
   71,
   71,
   71,
   87,
   85,
   83,
   81,
   71,
   71,
   71,
   71,
   71,
   69,
   67,
   65,
   71,
   71,
   71,
   71,
   55,
   53,
   51,
   49,
   71,
   71,
   71,
   71,
   39,
   37,
   35,
   33,
   71,
   71,
   71,
   71,
   23,
   21,
   19,
   17,
   71,
   71,
   71,
   71,
   7,
   [0]=7,
},
-- Table: {32}
{
   5,
   3,
   1,
   72,
   72,
   72,
   72,
   119,
   117,
   115,
   113,
   72,
   72,
   72,
   72,
   103,
   101,
   99,
   97,
   72,
   72,
   72,
   72,
   87,
   85,
   83,
   81,
   72,
   72,
   72,
   72,
   71,
   69,
   67,
   65,
   72,
   72,
   72,
   72,
   55,
   53,
   51,
   49,
   72,
   72,
   72,
   72,
   39,
   37,
   35,
   33,
   72,
   72,
   72,
   72,
   23,
   21,
   19,
   17,
   72,
   72,
   72,
   72,
   7,
   [0]=7,
},
-- Table: {33}
{
   53,
   53,
   53,
   73,
   73,
   73,
   73,
   53,
   53,
   53,
   53,
   73,
   73,
   73,
   73,
   53,
   53,
   53,
   53,
   73,
   73,
   73,
   73,
   53,
   53,
   53,
   53,
   73,
   73,
   73,
   73,
   53,
   53,
   53,
   53,
   73,
   73,
   73,
   73,
   53,
   53,
   53,
   53,
   73,
   73,
   73,
   73,
   53,
   53,
   53,
   53,
   73,
   73,
   73,
   73,
   53,
   53,
   53,
   53,
   73,
   73,
   73,
   73,
   53,
   [0]=53,
},
-- Table: {34}
{
   53,
   53,
   53,
   74,
   74,
   74,
   74,
   53,
   53,
   53,
   53,
   74,
   74,
   74,
   74,
   53,
   53,
   53,
   53,
   74,
   74,
   74,
   74,
   53,
   53,
   53,
   53,
   74,
   74,
   74,
   74,
   53,
   53,
   53,
   53,
   74,
   74,
   74,
   74,
   53,
   53,
   53,
   53,
   74,
   74,
   74,
   74,
   53,
   53,
   53,
   53,
   74,
   74,
   74,
   74,
   53,
   53,
   53,
   53,
   74,
   74,
   74,
   74,
   53,
   [0]=53,
},
-- Table: {35}
{
   53,
   53,
   53,
   75,
   75,
   75,
   75,
   53,
   53,
   53,
   53,
   75,
   75,
   75,
   75,
   53,
   53,
   53,
   53,
   75,
   75,
   75,
   75,
   53,
   53,
   53,
   53,
   75,
   75,
   75,
   75,
   53,
   53,
   53,
   53,
   75,
   75,
   75,
   75,
   53,
   53,
   53,
   53,
   75,
   75,
   75,
   75,
   53,
   53,
   53,
   53,
   75,
   75,
   75,
   75,
   53,
   53,
   53,
   53,
   75,
   75,
   75,
   75,
   53,
   [0]=53,
},
-- Table: {36}
{
   53,
   53,
   53,
   76,
   76,
   76,
   76,
   53,
   53,
   53,
   53,
   76,
   76,
   76,
   76,
   53,
   53,
   53,
   53,
   76,
   76,
   76,
   76,
   53,
   53,
   53,
   53,
   76,
   76,
   76,
   76,
   53,
   53,
   53,
   53,
   76,
   76,
   76,
   76,
   53,
   53,
   53,
   53,
   76,
   76,
   76,
   76,
   53,
   53,
   53,
   53,
   76,
   76,
   76,
   76,
   53,
   53,
   53,
   53,
   76,
   76,
   76,
   76,
   53,
   [0]=53,
},
-- Table: {37}
{
   5,
   3,
   1,
   77,
   77,
   77,
   77,
   119,
   117,
   115,
   113,
   77,
   77,
   77,
   77,
   103,
   101,
   99,
   97,
   77,
   77,
   77,
   77,
   87,
   85,
   83,
   81,
   77,
   77,
   77,
   77,
   71,
   69,
   67,
   65,
   77,
   77,
   77,
   77,
   55,
   53,
   51,
   49,
   77,
   77,
   77,
   77,
   39,
   37,
   35,
   33,
   77,
   77,
   77,
   77,
   23,
   21,
   19,
   17,
   77,
   77,
   77,
   77,
   7,
   [0]=7,
},
-- Table: {38}
{
   5,
   3,
   1,
   78,
   78,
   78,
   78,
   119,
   117,
   115,
   113,
   78,
   78,
   78,
   78,
   103,
   101,
   99,
   97,
   78,
   78,
   78,
   78,
   87,
   85,
   83,
   81,
   78,
   78,
   78,
   78,
   71,
   69,
   67,
   65,
   78,
   78,
   78,
   78,
   55,
   53,
   51,
   49,
   78,
   78,
   78,
   78,
   39,
   37,
   35,
   33,
   78,
   78,
   78,
   78,
   23,
   21,
   19,
   17,
   78,
   78,
   78,
   78,
   7,
   [0]=7,
},
-- Table: {39}
{
   5,
   3,
   1,
   79,
   79,
   79,
   79,
   119,
   117,
   115,
   113,
   79,
   79,
   79,
   79,
   103,
   101,
   99,
   97,
   79,
   79,
   79,
   79,
   87,
   85,
   83,
   81,
   79,
   79,
   79,
   79,
   71,
   69,
   67,
   65,
   79,
   79,
   79,
   79,
   55,
   53,
   51,
   49,
   79,
   79,
   79,
   79,
   39,
   37,
   35,
   33,
   79,
   79,
   79,
   79,
   23,
   21,
   19,
   17,
   79,
   79,
   79,
   79,
   7,
   [0]=7,
},
-- Table: {40}
{
   5,
   3,
   1,
   80,
   80,
   80,
   80,
   119,
   117,
   115,
   113,
   80,
   80,
   80,
   80,
   103,
   101,
   99,
   97,
   80,
   80,
   80,
   80,
   87,
   85,
   83,
   81,
   80,
   80,
   80,
   80,
   71,
   69,
   67,
   65,
   80,
   80,
   80,
   80,
   55,
   53,
   51,
   49,
   80,
   80,
   80,
   80,
   39,
   37,
   35,
   33,
   80,
   80,
   80,
   80,
   23,
   21,
   19,
   17,
   80,
   80,
   80,
   80,
   7,
   [0]=7,
},
-- Table: {41}
{
   53,
   53,
   53,
   81,
   81,
   81,
   81,
   53,
   53,
   53,
   53,
   81,
   81,
   81,
   81,
   53,
   53,
   53,
   53,
   81,
   81,
   81,
   81,
   53,
   53,
   53,
   53,
   81,
   81,
   81,
   81,
   53,
   53,
   53,
   53,
   81,
   81,
   81,
   81,
   53,
   53,
   53,
   53,
   81,
   81,
   81,
   81,
   53,
   53,
   53,
   53,
   81,
   81,
   81,
   81,
   53,
   53,
   53,
   53,
   81,
   81,
   81,
   81,
   53,
   [0]=53,
},
-- Table: {42}
{
   53,
   53,
   53,
   82,
   82,
   82,
   82,
   53,
   53,
   53,
   53,
   82,
   82,
   82,
   82,
   53,
   53,
   53,
   53,
   82,
   82,
   82,
   82,
   53,
   53,
   53,
   53,
   82,
   82,
   82,
   82,
   53,
   53,
   53,
   53,
   82,
   82,
   82,
   82,
   53,
   53,
   53,
   53,
   82,
   82,
   82,
   82,
   53,
   53,
   53,
   53,
   82,
   82,
   82,
   82,
   53,
   53,
   53,
   53,
   82,
   82,
   82,
   82,
   53,
   [0]=53,
},
-- Table: {43}
{
   53,
   53,
   53,
   83,
   83,
   83,
   83,
   53,
   53,
   53,
   53,
   83,
   83,
   83,
   83,
   53,
   53,
   53,
   53,
   83,
   83,
   83,
   83,
   53,
   53,
   53,
   53,
   83,
   83,
   83,
   83,
   53,
   53,
   53,
   53,
   83,
   83,
   83,
   83,
   53,
   53,
   53,
   53,
   83,
   83,
   83,
   83,
   53,
   53,
   53,
   53,
   83,
   83,
   83,
   83,
   53,
   53,
   53,
   53,
   83,
   83,
   83,
   83,
   53,
   [0]=53,
},
-- Table: {44}
{
   53,
   53,
   53,
   84,
   84,
   84,
   84,
   53,
   53,
   53,
   53,
   84,
   84,
   84,
   84,
   53,
   53,
   53,
   53,
   84,
   84,
   84,
   84,
   53,
   53,
   53,
   53,
   84,
   84,
   84,
   84,
   53,
   53,
   53,
   53,
   84,
   84,
   84,
   84,
   53,
   53,
   53,
   53,
   84,
   84,
   84,
   84,
   53,
   53,
   53,
   53,
   84,
   84,
   84,
   84,
   53,
   53,
   53,
   53,
   84,
   84,
   84,
   84,
   53,
   [0]=53,
},
-- Table: {45}
{
   5,
   3,
   1,
   85,
   85,
   85,
   85,
   119,
   117,
   115,
   113,
   85,
   85,
   85,
   85,
   103,
   101,
   99,
   97,
   85,
   85,
   85,
   85,
   87,
   85,
   83,
   81,
   85,
   85,
   85,
   85,
   71,
   69,
   67,
   65,
   85,
   85,
   85,
   85,
   55,
   53,
   51,
   49,
   85,
   85,
   85,
   85,
   39,
   37,
   35,
   33,
   85,
   85,
   85,
   85,
   23,
   21,
   19,
   17,
   85,
   85,
   85,
   85,
   7,
   [0]=7,
},
-- Table: {46}
{
   5,
   3,
   1,
   86,
   86,
   86,
   86,
   119,
   117,
   115,
   113,
   86,
   86,
   86,
   86,
   103,
   101,
   99,
   97,
   86,
   86,
   86,
   86,
   87,
   85,
   83,
   81,
   86,
   86,
   86,
   86,
   71,
   69,
   67,
   65,
   86,
   86,
   86,
   86,
   55,
   53,
   51,
   49,
   86,
   86,
   86,
   86,
   39,
   37,
   35,
   33,
   86,
   86,
   86,
   86,
   23,
   21,
   19,
   17,
   86,
   86,
   86,
   86,
   7,
   [0]=7,
},
-- Table: {47}
{
   5,
   3,
   1,
   87,
   87,
   87,
   87,
   119,
   117,
   115,
   113,
   87,
   87,
   87,
   87,
   103,
   101,
   99,
   97,
   87,
   87,
   87,
   87,
   87,
   85,
   83,
   81,
   87,
   87,
   87,
   87,
   71,
   69,
   67,
   65,
   87,
   87,
   87,
   87,
   55,
   53,
   51,
   49,
   87,
   87,
   87,
   87,
   39,
   37,
   35,
   33,
   87,
   87,
   87,
   87,
   23,
   21,
   19,
   17,
   87,
   87,
   87,
   87,
   7,
   [0]=7,
},
-- Table: {48}
{
   5,
   3,
   1,
   88,
   88,
   88,
   88,
   119,
   117,
   115,
   113,
   88,
   88,
   88,
   88,
   103,
   101,
   99,
   97,
   88,
   88,
   88,
   88,
   87,
   85,
   83,
   81,
   88,
   88,
   88,
   88,
   71,
   69,
   67,
   65,
   88,
   88,
   88,
   88,
   55,
   53,
   51,
   49,
   88,
   88,
   88,
   88,
   39,
   37,
   35,
   33,
   88,
   88,
   88,
   88,
   23,
   21,
   19,
   17,
   88,
   88,
   88,
   88,
   7,
   [0]=7,
},
-- Table: {49}
{
   53,
   53,
   53,
   89,
   89,
   89,
   89,
   53,
   53,
   53,
   53,
   89,
   89,
   89,
   89,
   53,
   53,
   53,
   53,
   89,
   89,
   89,
   89,
   53,
   53,
   53,
   53,
   89,
   89,
   89,
   89,
   53,
   53,
   53,
   53,
   89,
   89,
   89,
   89,
   53,
   53,
   53,
   53,
   89,
   89,
   89,
   89,
   53,
   53,
   53,
   53,
   89,
   89,
   89,
   89,
   53,
   53,
   53,
   53,
   89,
   89,
   89,
   89,
   53,
   [0]=53,
},
-- Table: {50}
{
   53,
   53,
   53,
   90,
   90,
   90,
   90,
   53,
   53,
   53,
   53,
   90,
   90,
   90,
   90,
   53,
   53,
   53,
   53,
   90,
   90,
   90,
   90,
   53,
   53,
   53,
   53,
   90,
   90,
   90,
   90,
   53,
   53,
   53,
   53,
   90,
   90,
   90,
   90,
   53,
   53,
   53,
   53,
   90,
   90,
   90,
   90,
   53,
   53,
   53,
   53,
   90,
   90,
   90,
   90,
   53,
   53,
   53,
   53,
   90,
   90,
   90,
   90,
   53,
   [0]=53,
},
-- Table: {51}
{
   53,
   53,
   53,
   91,
   91,
   91,
   91,
   53,
   53,
   53,
   53,
   91,
   91,
   91,
   91,
   53,
   53,
   53,
   53,
   91,
   91,
   91,
   91,
   53,
   53,
   53,
   53,
   91,
   91,
   91,
   91,
   53,
   53,
   53,
   53,
   91,
   91,
   91,
   91,
   53,
   53,
   53,
   53,
   91,
   91,
   91,
   91,
   53,
   53,
   53,
   53,
   91,
   91,
   91,
   91,
   53,
   53,
   53,
   53,
   91,
   91,
   91,
   91,
   53,
   [0]=53,
},
-- Table: {52}
{
   53,
   53,
   53,
   92,
   92,
   92,
   92,
   53,
   53,
   53,
   53,
   92,
   92,
   92,
   92,
   53,
   53,
   53,
   53,
   92,
   92,
   92,
   92,
   53,
   53,
   53,
   53,
   92,
   92,
   92,
   92,
   53,
   53,
   53,
   53,
   92,
   92,
   92,
   92,
   53,
   53,
   53,
   53,
   92,
   92,
   92,
   92,
   53,
   53,
   53,
   53,
   92,
   92,
   92,
   92,
   53,
   53,
   53,
   53,
   92,
   92,
   92,
   92,
   53,
   [0]=53,
},
-- Table: {53}
{
   5,
   3,
   1,
   93,
   93,
   93,
   93,
   119,
   117,
   115,
   113,
   93,
   93,
   93,
   93,
   103,
   101,
   99,
   97,
   93,
   93,
   93,
   93,
   87,
   85,
   83,
   81,
   93,
   93,
   93,
   93,
   71,
   69,
   67,
   65,
   93,
   93,
   93,
   93,
   55,
   53,
   51,
   49,
   93,
   93,
   93,
   93,
   39,
   37,
   35,
   33,
   93,
   93,
   93,
   93,
   23,
   21,
   19,
   17,
   93,
   93,
   93,
   93,
   7,
   [0]=7,
},
-- Table: {54}
{
   5,
   3,
   1,
   94,
   94,
   94,
   94,
   119,
   117,
   115,
   113,
   94,
   94,
   94,
   94,
   103,
   101,
   99,
   97,
   94,
   94,
   94,
   94,
   87,
   85,
   83,
   81,
   94,
   94,
   94,
   94,
   71,
   69,
   67,
   65,
   94,
   94,
   94,
   94,
   55,
   53,
   51,
   49,
   94,
   94,
   94,
   94,
   39,
   37,
   35,
   33,
   94,
   94,
   94,
   94,
   23,
   21,
   19,
   17,
   94,
   94,
   94,
   94,
   7,
   [0]=7,
},
-- Table: {55}
{
   5,
   3,
   1,
   95,
   95,
   95,
   95,
   119,
   117,
   115,
   113,
   95,
   95,
   95,
   95,
   103,
   101,
   99,
   97,
   95,
   95,
   95,
   95,
   87,
   85,
   83,
   81,
   95,
   95,
   95,
   95,
   71,
   69,
   67,
   65,
   95,
   95,
   95,
   95,
   55,
   53,
   51,
   49,
   95,
   95,
   95,
   95,
   39,
   37,
   35,
   33,
   95,
   95,
   95,
   95,
   23,
   21,
   19,
   17,
   95,
   95,
   95,
   95,
   7,
   [0]=7,
},
-- Table: {56}
{
   5,
   3,
   1,
   96,
   96,
   96,
   96,
   119,
   117,
   115,
   113,
   96,
   96,
   96,
   96,
   103,
   101,
   99,
   97,
   96,
   96,
   96,
   96,
   87,
   85,
   83,
   81,
   96,
   96,
   96,
   96,
   71,
   69,
   67,
   65,
   96,
   96,
   96,
   96,
   55,
   53,
   51,
   49,
   96,
   96,
   96,
   96,
   39,
   37,
   35,
   33,
   96,
   96,
   96,
   96,
   23,
   21,
   19,
   17,
   96,
   96,
   96,
   96,
   7,
   [0]=7,
},
-- Table: {57}
{
   53,
   53,
   53,
   97,
   97,
   97,
   97,
   53,
   53,
   53,
   53,
   97,
   97,
   97,
   97,
   53,
   53,
   53,
   53,
   97,
   97,
   97,
   97,
   53,
   53,
   53,
   53,
   97,
   97,
   97,
   97,
   53,
   53,
   53,
   53,
   97,
   97,
   97,
   97,
   53,
   53,
   53,
   53,
   97,
   97,
   97,
   97,
   53,
   53,
   53,
   53,
   97,
   97,
   97,
   97,
   53,
   53,
   53,
   53,
   97,
   97,
   97,
   97,
   53,
   [0]=53,
},
-- Table: {58}
{
   53,
   53,
   53,
   98,
   98,
   98,
   98,
   53,
   53,
   53,
   53,
   98,
   98,
   98,
   98,
   53,
   53,
   53,
   53,
   98,
   98,
   98,
   98,
   53,
   53,
   53,
   53,
   98,
   98,
   98,
   98,
   53,
   53,
   53,
   53,
   98,
   98,
   98,
   98,
   53,
   53,
   53,
   53,
   98,
   98,
   98,
   98,
   53,
   53,
   53,
   53,
   98,
   98,
   98,
   98,
   53,
   53,
   53,
   53,
   98,
   98,
   98,
   98,
   53,
   [0]=53,
},
-- Table: {59}
{
   53,
   53,
   53,
   99,
   99,
   99,
   99,
   53,
   53,
   53,
   53,
   99,
   99,
   99,
   99,
   53,
   53,
   53,
   53,
   99,
   99,
   99,
   99,
   53,
   53,
   53,
   53,
   99,
   99,
   99,
   99,
   53,
   53,
   53,
   53,
   99,
   99,
   99,
   99,
   53,
   53,
   53,
   53,
   99,
   99,
   99,
   99,
   53,
   53,
   53,
   53,
   99,
   99,
   99,
   99,
   53,
   53,
   53,
   53,
   99,
   99,
   99,
   99,
   53,
   [0]=53,
},
-- Table: {60}
{
   53,
   53,
   53,
   100,
   100,
   100,
   100,
   53,
   53,
   53,
   53,
   100,
   100,
   100,
   100,
   53,
   53,
   53,
   53,
   100,
   100,
   100,
   100,
   53,
   53,
   53,
   53,
   100,
   100,
   100,
   100,
   53,
   53,
   53,
   53,
   100,
   100,
   100,
   100,
   53,
   53,
   53,
   53,
   100,
   100,
   100,
   100,
   53,
   53,
   53,
   53,
   100,
   100,
   100,
   100,
   53,
   53,
   53,
   53,
   100,
   100,
   100,
   100,
   53,
   [0]=53,
},
-- Table: {61}
{
   5,
   3,
   1,
   101,
   101,
   101,
   101,
   119,
   117,
   115,
   113,
   101,
   101,
   101,
   101,
   103,
   101,
   99,
   97,
   101,
   101,
   101,
   101,
   87,
   85,
   83,
   81,
   101,
   101,
   101,
   101,
   71,
   69,
   67,
   65,
   101,
   101,
   101,
   101,
   55,
   53,
   51,
   49,
   101,
   101,
   101,
   101,
   39,
   37,
   35,
   33,
   101,
   101,
   101,
   101,
   23,
   21,
   19,
   17,
   101,
   101,
   101,
   101,
   7,
   [0]=7,
},
-- Table: {62}
{
   5,
   3,
   1,
   102,
   102,
   102,
   102,
   119,
   117,
   115,
   113,
   102,
   102,
   102,
   102,
   103,
   101,
   99,
   97,
   102,
   102,
   102,
   102,
   87,
   85,
   83,
   81,
   102,
   102,
   102,
   102,
   71,
   69,
   67,
   65,
   102,
   102,
   102,
   102,
   55,
   53,
   51,
   49,
   102,
   102,
   102,
   102,
   39,
   37,
   35,
   33,
   102,
   102,
   102,
   102,
   23,
   21,
   19,
   17,
   102,
   102,
   102,
   102,
   7,
   [0]=7,
},
-- Table: {63}
{
   5,
   3,
   1,
   103,
   103,
   103,
   103,
   119,
   117,
   115,
   113,
   103,
   103,
   103,
   103,
   103,
   101,
   99,
   97,
   103,
   103,
   103,
   103,
   87,
   85,
   83,
   81,
   103,
   103,
   103,
   103,
   71,
   69,
   67,
   65,
   103,
   103,
   103,
   103,
   55,
   53,
   51,
   49,
   103,
   103,
   103,
   103,
   39,
   37,
   35,
   33,
   103,
   103,
   103,
   103,
   23,
   21,
   19,
   17,
   103,
   103,
   103,
   103,
   7,
   [0]=7,
},
-- Table: {64}
{
   5,
   3,
   1,
   104,
   104,
   104,
   104,
   119,
   117,
   115,
   113,
   104,
   104,
   104,
   104,
   103,
   101,
   99,
   97,
   104,
   104,
   104,
   104,
   87,
   85,
   83,
   81,
   104,
   104,
   104,
   104,
   71,
   69,
   67,
   65,
   104,
   104,
   104,
   104,
   55,
   53,
   51,
   49,
   104,
   104,
   104,
   104,
   39,
   37,
   35,
   33,
   104,
   104,
   104,
   104,
   23,
   21,
   19,
   17,
   104,
   104,
   104,
   104,
   7,
   [0]=7,
},
-- Table: {65}
{
   53,
   53,
   53,
   105,
   105,
   105,
   105,
   53,
   53,
   53,
   53,
   105,
   105,
   105,
   105,
   53,
   53,
   53,
   53,
   105,
   105,
   105,
   105,
   53,
   53,
   53,
   53,
   105,
   105,
   105,
   105,
   53,
   53,
   53,
   53,
   105,
   105,
   105,
   105,
   53,
   53,
   53,
   53,
   105,
   105,
   105,
   105,
   53,
   53,
   53,
   53,
   105,
   105,
   105,
   105,
   53,
   53,
   53,
   53,
   105,
   105,
   105,
   105,
   53,
   [0]=53,
},
-- Table: {66}
{
   53,
   53,
   53,
   106,
   106,
   106,
   106,
   53,
   53,
   53,
   53,
   106,
   106,
   106,
   106,
   53,
   53,
   53,
   53,
   106,
   106,
   106,
   106,
   53,
   53,
   53,
   53,
   106,
   106,
   106,
   106,
   53,
   53,
   53,
   53,
   106,
   106,
   106,
   106,
   53,
   53,
   53,
   53,
   106,
   106,
   106,
   106,
   53,
   53,
   53,
   53,
   106,
   106,
   106,
   106,
   53,
   53,
   53,
   53,
   106,
   106,
   106,
   106,
   53,
   [0]=53,
},
-- Table: {67}
{
   53,
   53,
   53,
   107,
   107,
   107,
   107,
   53,
   53,
   53,
   53,
   107,
   107,
   107,
   107,
   53,
   53,
   53,
   53,
   107,
   107,
   107,
   107,
   53,
   53,
   53,
   53,
   107,
   107,
   107,
   107,
   53,
   53,
   53,
   53,
   107,
   107,
   107,
   107,
   53,
   53,
   53,
   53,
   107,
   107,
   107,
   107,
   53,
   53,
   53,
   53,
   107,
   107,
   107,
   107,
   53,
   53,
   53,
   53,
   107,
   107,
   107,
   107,
   53,
   [0]=53,
},
-- Table: {68}
{
   53,
   53,
   53,
   108,
   108,
   108,
   108,
   53,
   53,
   53,
   53,
   108,
   108,
   108,
   108,
   53,
   53,
   53,
   53,
   108,
   108,
   108,
   108,
   53,
   53,
   53,
   53,
   108,
   108,
   108,
   108,
   53,
   53,
   53,
   53,
   108,
   108,
   108,
   108,
   53,
   53,
   53,
   53,
   108,
   108,
   108,
   108,
   53,
   53,
   53,
   53,
   108,
   108,
   108,
   108,
   53,
   53,
   53,
   53,
   108,
   108,
   108,
   108,
   53,
   [0]=53,
},
-- Table: {69}
{
   5,
   3,
   1,
   109,
   109,
   109,
   109,
   119,
   117,
   115,
   113,
   109,
   109,
   109,
   109,
   103,
   101,
   99,
   97,
   109,
   109,
   109,
   109,
   87,
   85,
   83,
   81,
   109,
   109,
   109,
   109,
   71,
   69,
   67,
   65,
   109,
   109,
   109,
   109,
   55,
   53,
   51,
   49,
   109,
   109,
   109,
   109,
   39,
   37,
   35,
   33,
   109,
   109,
   109,
   109,
   23,
   21,
   19,
   17,
   109,
   109,
   109,
   109,
   7,
   [0]=7,
},
-- Table: {70}
{
   5,
   3,
   1,
   110,
   110,
   110,
   110,
   119,
   117,
   115,
   113,
   110,
   110,
   110,
   110,
   103,
   101,
   99,
   97,
   110,
   110,
   110,
   110,
   87,
   85,
   83,
   81,
   110,
   110,
   110,
   110,
   71,
   69,
   67,
   65,
   110,
   110,
   110,
   110,
   55,
   53,
   51,
   49,
   110,
   110,
   110,
   110,
   39,
   37,
   35,
   33,
   110,
   110,
   110,
   110,
   23,
   21,
   19,
   17,
   110,
   110,
   110,
   110,
   7,
   [0]=7,
},
-- Table: {71}
{
   5,
   3,
   1,
   111,
   111,
   111,
   111,
   119,
   117,
   115,
   113,
   111,
   111,
   111,
   111,
   103,
   101,
   99,
   97,
   111,
   111,
   111,
   111,
   87,
   85,
   83,
   81,
   111,
   111,
   111,
   111,
   71,
   69,
   67,
   65,
   111,
   111,
   111,
   111,
   55,
   53,
   51,
   49,
   111,
   111,
   111,
   111,
   39,
   37,
   35,
   33,
   111,
   111,
   111,
   111,
   23,
   21,
   19,
   17,
   111,
   111,
   111,
   111,
   7,
   [0]=7,
},
-- Table: {72}
{
   5,
   3,
   1,
   112,
   112,
   112,
   112,
   119,
   117,
   115,
   113,
   112,
   112,
   112,
   112,
   103,
   101,
   99,
   97,
   112,
   112,
   112,
   112,
   87,
   85,
   83,
   81,
   112,
   112,
   112,
   112,
   71,
   69,
   67,
   65,
   112,
   112,
   112,
   112,
   55,
   53,
   51,
   49,
   112,
   112,
   112,
   112,
   39,
   37,
   35,
   33,
   112,
   112,
   112,
   112,
   23,
   21,
   19,
   17,
   112,
   112,
   112,
   112,
   7,
   [0]=7,
},
-- Table: {73}
{
   53,
   53,
   53,
   113,
   113,
   113,
   113,
   53,
   53,
   53,
   53,
   113,
   113,
   113,
   113,
   53,
   53,
   53,
   53,
   113,
   113,
   113,
   113,
   53,
   53,
   53,
   53,
   113,
   113,
   113,
   113,
   53,
   53,
   53,
   53,
   113,
   113,
   113,
   113,
   53,
   53,
   53,
   53,
   113,
   113,
   113,
   113,
   53,
   53,
   53,
   53,
   113,
   113,
   113,
   113,
   53,
   53,
   53,
   53,
   113,
   113,
   113,
   113,
   53,
   [0]=53,
},
-- Table: {74}
{
   53,
   53,
   53,
   114,
   114,
   114,
   114,
   53,
   53,
   53,
   53,
   114,
   114,
   114,
   114,
   53,
   53,
   53,
   53,
   114,
   114,
   114,
   114,
   53,
   53,
   53,
   53,
   114,
   114,
   114,
   114,
   53,
   53,
   53,
   53,
   114,
   114,
   114,
   114,
   53,
   53,
   53,
   53,
   114,
   114,
   114,
   114,
   53,
   53,
   53,
   53,
   114,
   114,
   114,
   114,
   53,
   53,
   53,
   53,
   114,
   114,
   114,
   114,
   53,
   [0]=53,
},
-- Table: {75}
{
   53,
   53,
   53,
   115,
   115,
   115,
   115,
   53,
   53,
   53,
   53,
   115,
   115,
   115,
   115,
   53,
   53,
   53,
   53,
   115,
   115,
   115,
   115,
   53,
   53,
   53,
   53,
   115,
   115,
   115,
   115,
   53,
   53,
   53,
   53,
   115,
   115,
   115,
   115,
   53,
   53,
   53,
   53,
   115,
   115,
   115,
   115,
   53,
   53,
   53,
   53,
   115,
   115,
   115,
   115,
   53,
   53,
   53,
   53,
   115,
   115,
   115,
   115,
   53,
   [0]=53,
},
-- Table: {76}
{
   53,
   53,
   53,
   116,
   116,
   116,
   116,
   53,
   53,
   53,
   53,
   116,
   116,
   116,
   116,
   53,
   53,
   53,
   53,
   116,
   116,
   116,
   116,
   53,
   53,
   53,
   53,
   116,
   116,
   116,
   116,
   53,
   53,
   53,
   53,
   116,
   116,
   116,
   116,
   53,
   53,
   53,
   53,
   116,
   116,
   116,
   116,
   53,
   53,
   53,
   53,
   116,
   116,
   116,
   116,
   53,
   53,
   53,
   53,
   116,
   116,
   116,
   116,
   53,
   [0]=53,
},
-- Table: {77}
{
   5,
   3,
   1,
   117,
   117,
   117,
   117,
   119,
   117,
   115,
   113,
   117,
   117,
   117,
   117,
   103,
   101,
   99,
   97,
   117,
   117,
   117,
   117,
   87,
   85,
   83,
   81,
   117,
   117,
   117,
   117,
   71,
   69,
   67,
   65,
   117,
   117,
   117,
   117,
   55,
   53,
   51,
   49,
   117,
   117,
   117,
   117,
   39,
   37,
   35,
   33,
   117,
   117,
   117,
   117,
   23,
   21,
   19,
   17,
   117,
   117,
   117,
   117,
   7,
   [0]=7,
},
-- Table: {78}
{
   5,
   3,
   1,
   118,
   118,
   118,
   118,
   119,
   117,
   115,
   113,
   118,
   118,
   118,
   118,
   103,
   101,
   99,
   97,
   118,
   118,
   118,
   118,
   87,
   85,
   83,
   81,
   118,
   118,
   118,
   118,
   71,
   69,
   67,
   65,
   118,
   118,
   118,
   118,
   55,
   53,
   51,
   49,
   118,
   118,
   118,
   118,
   39,
   37,
   35,
   33,
   118,
   118,
   118,
   118,
   23,
   21,
   19,
   17,
   118,
   118,
   118,
   118,
   7,
   [0]=7,
},
-- Table: {79}
{
   5,
   3,
   1,
   119,
   119,
   119,
   119,
   119,
   117,
   115,
   113,
   119,
   119,
   119,
   119,
   103,
   101,
   99,
   97,
   119,
   119,
   119,
   119,
   87,
   85,
   83,
   81,
   119,
   119,
   119,
   119,
   71,
   69,
   67,
   65,
   119,
   119,
   119,
   119,
   55,
   53,
   51,
   49,
   119,
   119,
   119,
   119,
   39,
   37,
   35,
   33,
   119,
   119,
   119,
   119,
   23,
   21,
   19,
   17,
   119,
   119,
   119,
   119,
   7,
   [0]=7,
},
-- Table: {80}
{
   5,
   3,
   1,
   120,
   120,
   120,
   120,
   119,
   117,
   115,
   113,
   120,
   120,
   120,
   120,
   103,
   101,
   99,
   97,
   120,
   120,
   120,
   120,
   87,
   85,
   83,
   81,
   120,
   120,
   120,
   120,
   71,
   69,
   67,
   65,
   120,
   120,
   120,
   120,
   55,
   53,
   51,
   49,
   120,
   120,
   120,
   120,
   39,
   37,
   35,
   33,
   120,
   120,
   120,
   120,
   23,
   21,
   19,
   17,
   120,
   120,
   120,
   120,
   7,
   [0]=7,
},
-- Table: {81}
{
   53,
   53,
   53,
   121,
   121,
   121,
   121,
   53,
   53,
   53,
   53,
   121,
   121,
   121,
   121,
   53,
   53,
   53,
   53,
   121,
   121,
   121,
   121,
   53,
   53,
   53,
   53,
   121,
   121,
   121,
   121,
   53,
   53,
   53,
   53,
   121,
   121,
   121,
   121,
   53,
   53,
   53,
   53,
   121,
   121,
   121,
   121,
   53,
   53,
   53,
   53,
   121,
   121,
   121,
   121,
   53,
   53,
   53,
   53,
   121,
   121,
   121,
   121,
   53,
   [0]=53,
},
-- Table: {82}
{
   53,
   53,
   53,
   122,
   122,
   122,
   122,
   53,
   53,
   53,
   53,
   122,
   122,
   122,
   122,
   53,
   53,
   53,
   53,
   122,
   122,
   122,
   122,
   53,
   53,
   53,
   53,
   122,
   122,
   122,
   122,
   53,
   53,
   53,
   53,
   122,
   122,
   122,
   122,
   53,
   53,
   53,
   53,
   122,
   122,
   122,
   122,
   53,
   53,
   53,
   53,
   122,
   122,
   122,
   122,
   53,
   53,
   53,
   53,
   122,
   122,
   122,
   122,
   53,
   [0]=53,
},
-- Table: {83}
{
   53,
   53,
   53,
   123,
   123,
   123,
   123,
   53,
   53,
   53,
   53,
   123,
   123,
   123,
   123,
   53,
   53,
   53,
   53,
   123,
   123,
   123,
   123,
   53,
   53,
   53,
   53,
   123,
   123,
   123,
   123,
   53,
   53,
   53,
   53,
   123,
   123,
   123,
   123,
   53,
   53,
   53,
   53,
   123,
   123,
   123,
   123,
   53,
   53,
   53,
   53,
   123,
   123,
   123,
   123,
   53,
   53,
   53,
   53,
   123,
   123,
   123,
   123,
   53,
   [0]=53,
},
-- Table: {84}
{
   53,
   53,
   53,
   124,
   124,
   124,
   124,
   53,
   53,
   53,
   53,
   124,
   124,
   124,
   124,
   53,
   53,
   53,
   53,
   124,
   124,
   124,
   124,
   53,
   53,
   53,
   53,
   124,
   124,
   124,
   124,
   53,
   53,
   53,
   53,
   124,
   124,
   124,
   124,
   53,
   53,
   53,
   53,
   124,
   124,
   124,
   124,
   53,
   53,
   53,
   53,
   124,
   124,
   124,
   124,
   53,
   53,
   53,
   53,
   124,
   124,
   124,
   124,
   53,
   [0]=53,
},
-- Table: {85}
{
   5,
   3,
   1,
   125,
   125,
   125,
   125,
   119,
   117,
   115,
   113,
   125,
   125,
   125,
   125,
   103,
   101,
   99,
   97,
   125,
   125,
   125,
   125,
   87,
   85,
   83,
   81,
   125,
   125,
   125,
   125,
   71,
   69,
   67,
   65,
   125,
   125,
   125,
   125,
   55,
   53,
   51,
   49,
   125,
   125,
   125,
   125,
   39,
   37,
   35,
   33,
   125,
   125,
   125,
   125,
   23,
   21,
   19,
   17,
   125,
   125,
   125,
   125,
   7,
   [0]=7,
},
-- Table: {86}
{
   5,
   3,
   1,
   126,
   126,
   126,
   126,
   119,
   117,
   115,
   113,
   126,
   126,
   126,
   126,
   103,
   101,
   99,
   97,
   126,
   126,
   126,
   126,
   87,
   85,
   83,
   81,
   126,
   126,
   126,
   126,
   71,
   69,
   67,
   65,
   126,
   126,
   126,
   126,
   55,
   53,
   51,
   49,
   126,
   126,
   126,
   126,
   39,
   37,
   35,
   33,
   126,
   126,
   126,
   126,
   23,
   21,
   19,
   17,
   126,
   126,
   126,
   126,
   7,
   [0]=7,
},
-- Table: {87}
{
   5,
   3,
   1,
   127,
   127,
   127,
   127,
   119,
   117,
   115,
   113,
   127,
   127,
   127,
   127,
   103,
   101,
   99,
   97,
   127,
   127,
   127,
   127,
   87,
   85,
   83,
   81,
   127,
   127,
   127,
   127,
   71,
   69,
   67,
   65,
   127,
   127,
   127,
   127,
   55,
   53,
   51,
   49,
   127,
   127,
   127,
   127,
   39,
   37,
   35,
   33,
   127,
   127,
   127,
   127,
   23,
   21,
   19,
   17,
   127,
   127,
   127,
   127,
   7,
   [0]=7,
},
-- Table: {88}
{
   5,
   3,
   1,
   0,
   0,
   0,
   0,
   119,
   117,
   115,
   113,
   0,
   0,
   0,
   0,
   103,
   101,
   99,
   97,
   0,
   0,
   0,
   0,
   87,
   85,
   83,
   81,
   0,
   0,
   0,
   0,
   71,
   69,
   67,
   65,
   0,
   0,
   0,
   0,
   55,
   53,
   51,
   49,
   0,
   0,
   0,
   0,
   39,
   37,
   35,
   33,
   0,
   0,
   0,
   0,
   23,
   21,
   19,
   17,
   0,
   0,
   0,
   0,
   7,
   [0]=7,
},
-- Table: {89}
{
   53,
   53,
   53,
   1,
   1,
   1,
   1,
   53,
   53,
   53,
   53,
   1,
   1,
   1,
   1,
   53,
   53,
   53,
   53,
   1,
   1,
   1,
   1,
   53,
   53,
   53,
   53,
   1,
   1,
   1,
   1,
   53,
   53,
   53,
   53,
   1,
   1,
   1,
   1,
   53,
   53,
   53,
   53,
   1,
   1,
   1,
   1,
   53,
   53,
   53,
   53,
   1,
   1,
   1,
   1,
   53,
   53,
   53,
   53,
   1,
   1,
   1,
   1,
   53,
   [0]=53,
},
-- Table: {90}
{
   53,
   53,
   53,
   2,
   2,
   2,
   2,
   53,
   53,
   53,
   53,
   2,
   2,
   2,
   2,
   53,
   53,
   53,
   53,
   2,
   2,
   2,
   2,
   53,
   53,
   53,
   53,
   2,
   2,
   2,
   2,
   53,
   53,
   53,
   53,
   2,
   2,
   2,
   2,
   53,
   53,
   53,
   53,
   2,
   2,
   2,
   2,
   53,
   53,
   53,
   53,
   2,
   2,
   2,
   2,
   53,
   53,
   53,
   53,
   2,
   2,
   2,
   2,
   53,
   [0]=53,
},
-- Table: {91}
{
   53,
   53,
   53,
   3,
   3,
   3,
   3,
   53,
   53,
   53,
   53,
   3,
   3,
   3,
   3,
   53,
   53,
   53,
   53,
   3,
   3,
   3,
   3,
   53,
   53,
   53,
   53,
   3,
   3,
   3,
   3,
   53,
   53,
   53,
   53,
   3,
   3,
   3,
   3,
   53,
   53,
   53,
   53,
   3,
   3,
   3,
   3,
   53,
   53,
   53,
   53,
   3,
   3,
   3,
   3,
   53,
   53,
   53,
   53,
   3,
   3,
   3,
   3,
   53,
   [0]=53,
},
-- Table: {92}
{
   53,
   53,
   53,
   4,
   4,
   4,
   4,
   53,
   53,
   53,
   53,
   4,
   4,
   4,
   4,
   53,
   53,
   53,
   53,
   4,
   4,
   4,
   4,
   53,
   53,
   53,
   53,
   4,
   4,
   4,
   4,
   53,
   53,
   53,
   53,
   4,
   4,
   4,
   4,
   53,
   53,
   53,
   53,
   4,
   4,
   4,
   4,
   53,
   53,
   53,
   53,
   4,
   4,
   4,
   4,
   53,
   53,
   53,
   53,
   4,
   4,
   4,
   4,
   53,
   [0]=53,
},
-- Table: {93}
{
   5,
   3,
   1,
   5,
   5,
   5,
   5,
   119,
   117,
   115,
   113,
   5,
   5,
   5,
   5,
   103,
   101,
   99,
   97,
   5,
   5,
   5,
   5,
   87,
   85,
   83,
   81,
   5,
   5,
   5,
   5,
   71,
   69,
   67,
   65,
   5,
   5,
   5,
   5,
   55,
   53,
   51,
   49,
   5,
   5,
   5,
   5,
   39,
   37,
   35,
   33,
   5,
   5,
   5,
   5,
   23,
   21,
   19,
   17,
   5,
   5,
   5,
   5,
   7,
   [0]=7,
},
-- Table: {94}
{
   5,
   3,
   1,
   6,
   6,
   6,
   6,
   119,
   117,
   115,
   113,
   6,
   6,
   6,
   6,
   103,
   101,
   99,
   97,
   6,
   6,
   6,
   6,
   87,
   85,
   83,
   81,
   6,
   6,
   6,
   6,
   71,
   69,
   67,
   65,
   6,
   6,
   6,
   6,
   55,
   53,
   51,
   49,
   6,
   6,
   6,
   6,
   39,
   37,
   35,
   33,
   6,
   6,
   6,
   6,
   23,
   21,
   19,
   17,
   6,
   6,
   6,
   6,
   7,
   [0]=7,
},
-- Table: {95}
{
   5,
   3,
   1,
   7,
   7,
   7,
   7,
   119,
   117,
   115,
   113,
   7,
   7,
   7,
   7,
   103,
   101,
   99,
   97,
   7,
   7,
   7,
   7,
   87,
   85,
   83,
   81,
   7,
   7,
   7,
   7,
   71,
   69,
   67,
   65,
   7,
   7,
   7,
   7,
   55,
   53,
   51,
   49,
   7,
   7,
   7,
   7,
   39,
   37,
   35,
   33,
   7,
   7,
   7,
   7,
   23,
   21,
   19,
   17,
   7,
   7,
   7,
   7,
   7,
   [0]=7,
},
-- Table: {96}
{
   5,
   3,
   1,
   8,
   8,
   8,
   8,
   119,
   117,
   115,
   113,
   8,
   8,
   8,
   8,
   103,
   101,
   99,
   97,
   8,
   8,
   8,
   8,
   87,
   85,
   83,
   81,
   8,
   8,
   8,
   8,
   71,
   69,
   67,
   65,
   8,
   8,
   8,
   8,
   55,
   53,
   51,
   49,
   8,
   8,
   8,
   8,
   39,
   37,
   35,
   33,
   8,
   8,
   8,
   8,
   23,
   21,
   19,
   17,
   8,
   8,
   8,
   8,
   7,
   [0]=7,
},
-- Table: {97}
{
   53,
   53,
   53,
   9,
   9,
   9,
   9,
   53,
   53,
   53,
   53,
   9,
   9,
   9,
   9,
   53,
   53,
   53,
   53,
   9,
   9,
   9,
   9,
   53,
   53,
   53,
   53,
   9,
   9,
   9,
   9,
   53,
   53,
   53,
   53,
   9,
   9,
   9,
   9,
   53,
   53,
   53,
   53,
   9,
   9,
   9,
   9,
   53,
   53,
   53,
   53,
   9,
   9,
   9,
   9,
   53,
   53,
   53,
   53,
   9,
   9,
   9,
   9,
   53,
   [0]=53,
},
-- Table: {98}
{
   53,
   53,
   53,
   10,
   10,
   10,
   10,
   53,
   53,
   53,
   53,
   10,
   10,
   10,
   10,
   53,
   53,
   53,
   53,
   10,
   10,
   10,
   10,
   53,
   53,
   53,
   53,
   10,
   10,
   10,
   10,
   53,
   53,
   53,
   53,
   10,
   10,
   10,
   10,
   53,
   53,
   53,
   53,
   10,
   10,
   10,
   10,
   53,
   53,
   53,
   53,
   10,
   10,
   10,
   10,
   53,
   53,
   53,
   53,
   10,
   10,
   10,
   10,
   53,
   [0]=53,
},
-- Table: {99}
{
   53,
   53,
   53,
   11,
   11,
   11,
   11,
   53,
   53,
   53,
   53,
   11,
   11,
   11,
   11,
   53,
   53,
   53,
   53,
   11,
   11,
   11,
   11,
   53,
   53,
   53,
   53,
   11,
   11,
   11,
   11,
   53,
   53,
   53,
   53,
   11,
   11,
   11,
   11,
   53,
   53,
   53,
   53,
   11,
   11,
   11,
   11,
   53,
   53,
   53,
   53,
   11,
   11,
   11,
   11,
   53,
   53,
   53,
   53,
   11,
   11,
   11,
   11,
   53,
   [0]=53,
},
-- Table: {100}
{
   53,
   53,
   53,
   12,
   12,
   12,
   12,
   53,
   53,
   53,
   53,
   12,
   12,
   12,
   12,
   53,
   53,
   53,
   53,
   12,
   12,
   12,
   12,
   53,
   53,
   53,
   53,
   12,
   12,
   12,
   12,
   53,
   53,
   53,
   53,
   12,
   12,
   12,
   12,
   53,
   53,
   53,
   53,
   12,
   12,
   12,
   12,
   53,
   53,
   53,
   53,
   12,
   12,
   12,
   12,
   53,
   53,
   53,
   53,
   12,
   12,
   12,
   12,
   53,
   [0]=53,
},
-- Table: {101}
{
   5,
   3,
   1,
   13,
   13,
   13,
   13,
   119,
   117,
   115,
   113,
   13,
   13,
   13,
   13,
   103,
   101,
   99,
   97,
   13,
   13,
   13,
   13,
   87,
   85,
   83,
   81,
   13,
   13,
   13,
   13,
   71,
   69,
   67,
   65,
   13,
   13,
   13,
   13,
   55,
   53,
   51,
   49,
   13,
   13,
   13,
   13,
   39,
   37,
   35,
   33,
   13,
   13,
   13,
   13,
   23,
   21,
   19,
   17,
   13,
   13,
   13,
   13,
   7,
   [0]=7,
},
-- Table: {102}
{
   5,
   3,
   1,
   14,
   14,
   14,
   14,
   119,
   117,
   115,
   113,
   14,
   14,
   14,
   14,
   103,
   101,
   99,
   97,
   14,
   14,
   14,
   14,
   87,
   85,
   83,
   81,
   14,
   14,
   14,
   14,
   71,
   69,
   67,
   65,
   14,
   14,
   14,
   14,
   55,
   53,
   51,
   49,
   14,
   14,
   14,
   14,
   39,
   37,
   35,
   33,
   14,
   14,
   14,
   14,
   23,
   21,
   19,
   17,
   14,
   14,
   14,
   14,
   7,
   [0]=7,
},
-- Table: {103}
{
   5,
   3,
   1,
   15,
   15,
   15,
   15,
   119,
   117,
   115,
   113,
   15,
   15,
   15,
   15,
   103,
   101,
   99,
   97,
   15,
   15,
   15,
   15,
   87,
   85,
   83,
   81,
   15,
   15,
   15,
   15,
   71,
   69,
   67,
   65,
   15,
   15,
   15,
   15,
   55,
   53,
   51,
   49,
   15,
   15,
   15,
   15,
   39,
   37,
   35,
   33,
   15,
   15,
   15,
   15,
   23,
   21,
   19,
   17,
   15,
   15,
   15,
   15,
   7,
   [0]=7,
},
-- Table: {104}
{
   5,
   3,
   1,
   16,
   16,
   16,
   16,
   119,
   117,
   115,
   113,
   16,
   16,
   16,
   16,
   103,
   101,
   99,
   97,
   16,
   16,
   16,
   16,
   87,
   85,
   83,
   81,
   16,
   16,
   16,
   16,
   71,
   69,
   67,
   65,
   16,
   16,
   16,
   16,
   55,
   53,
   51,
   49,
   16,
   16,
   16,
   16,
   39,
   37,
   35,
   33,
   16,
   16,
   16,
   16,
   23,
   21,
   19,
   17,
   16,
   16,
   16,
   16,
   7,
   [0]=7,
},
-- Table: {105}
{
   53,
   53,
   53,
   17,
   17,
   17,
   17,
   53,
   53,
   53,
   53,
   17,
   17,
   17,
   17,
   53,
   53,
   53,
   53,
   17,
   17,
   17,
   17,
   53,
   53,
   53,
   53,
   17,
   17,
   17,
   17,
   53,
   53,
   53,
   53,
   17,
   17,
   17,
   17,
   53,
   53,
   53,
   53,
   17,
   17,
   17,
   17,
   53,
   53,
   53,
   53,
   17,
   17,
   17,
   17,
   53,
   53,
   53,
   53,
   17,
   17,
   17,
   17,
   53,
   [0]=53,
},
-- Table: {106}
{
   53,
   53,
   53,
   18,
   18,
   18,
   18,
   53,
   53,
   53,
   53,
   18,
   18,
   18,
   18,
   53,
   53,
   53,
   53,
   18,
   18,
   18,
   18,
   53,
   53,
   53,
   53,
   18,
   18,
   18,
   18,
   53,
   53,
   53,
   53,
   18,
   18,
   18,
   18,
   53,
   53,
   53,
   53,
   18,
   18,
   18,
   18,
   53,
   53,
   53,
   53,
   18,
   18,
   18,
   18,
   53,
   53,
   53,
   53,
   18,
   18,
   18,
   18,
   53,
   [0]=53,
},
-- Table: {107}
{
   53,
   53,
   53,
   19,
   19,
   19,
   19,
   53,
   53,
   53,
   53,
   19,
   19,
   19,
   19,
   53,
   53,
   53,
   53,
   19,
   19,
   19,
   19,
   53,
   53,
   53,
   53,
   19,
   19,
   19,
   19,
   53,
   53,
   53,
   53,
   19,
   19,
   19,
   19,
   53,
   53,
   53,
   53,
   19,
   19,
   19,
   19,
   53,
   53,
   53,
   53,
   19,
   19,
   19,
   19,
   53,
   53,
   53,
   53,
   19,
   19,
   19,
   19,
   53,
   [0]=53,
},
-- Table: {108}
{
   53,
   53,
   53,
   20,
   20,
   20,
   20,
   53,
   53,
   53,
   53,
   20,
   20,
   20,
   20,
   53,
   53,
   53,
   53,
   20,
   20,
   20,
   20,
   53,
   53,
   53,
   53,
   20,
   20,
   20,
   20,
   53,
   53,
   53,
   53,
   20,
   20,
   20,
   20,
   53,
   53,
   53,
   53,
   20,
   20,
   20,
   20,
   53,
   53,
   53,
   53,
   20,
   20,
   20,
   20,
   53,
   53,
   53,
   53,
   20,
   20,
   20,
   20,
   53,
   [0]=53,
},
-- Table: {109}
{
   5,
   3,
   1,
   21,
   21,
   21,
   21,
   119,
   117,
   115,
   113,
   21,
   21,
   21,
   21,
   103,
   101,
   99,
   97,
   21,
   21,
   21,
   21,
   87,
   85,
   83,
   81,
   21,
   21,
   21,
   21,
   71,
   69,
   67,
   65,
   21,
   21,
   21,
   21,
   55,
   53,
   51,
   49,
   21,
   21,
   21,
   21,
   39,
   37,
   35,
   33,
   21,
   21,
   21,
   21,
   23,
   21,
   19,
   17,
   21,
   21,
   21,
   21,
   7,
   [0]=7,
},
-- Table: {110}
{
   5,
   3,
   1,
   22,
   22,
   22,
   22,
   119,
   117,
   115,
   113,
   22,
   22,
   22,
   22,
   103,
   101,
   99,
   97,
   22,
   22,
   22,
   22,
   87,
   85,
   83,
   81,
   22,
   22,
   22,
   22,
   71,
   69,
   67,
   65,
   22,
   22,
   22,
   22,
   55,
   53,
   51,
   49,
   22,
   22,
   22,
   22,
   39,
   37,
   35,
   33,
   22,
   22,
   22,
   22,
   23,
   21,
   19,
   17,
   22,
   22,
   22,
   22,
   7,
   [0]=7,
},
-- Table: {111}
{
   5,
   3,
   1,
   23,
   23,
   23,
   23,
   119,
   117,
   115,
   113,
   23,
   23,
   23,
   23,
   103,
   101,
   99,
   97,
   23,
   23,
   23,
   23,
   87,
   85,
   83,
   81,
   23,
   23,
   23,
   23,
   71,
   69,
   67,
   65,
   23,
   23,
   23,
   23,
   55,
   53,
   51,
   49,
   23,
   23,
   23,
   23,
   39,
   37,
   35,
   33,
   23,
   23,
   23,
   23,
   23,
   21,
   19,
   17,
   23,
   23,
   23,
   23,
   7,
   [0]=7,
},
-- Table: {112}
{
   5,
   3,
   1,
   24,
   24,
   24,
   24,
   119,
   117,
   115,
   113,
   24,
   24,
   24,
   24,
   103,
   101,
   99,
   97,
   24,
   24,
   24,
   24,
   87,
   85,
   83,
   81,
   24,
   24,
   24,
   24,
   71,
   69,
   67,
   65,
   24,
   24,
   24,
   24,
   55,
   53,
   51,
   49,
   24,
   24,
   24,
   24,
   39,
   37,
   35,
   33,
   24,
   24,
   24,
   24,
   23,
   21,
   19,
   17,
   24,
   24,
   24,
   24,
   7,
   [0]=7,
},
-- Table: {113}
{
   53,
   53,
   53,
   25,
   25,
   25,
   25,
   53,
   53,
   53,
   53,
   25,
   25,
   25,
   25,
   53,
   53,
   53,
   53,
   25,
   25,
   25,
   25,
   53,
   53,
   53,
   53,
   25,
   25,
   25,
   25,
   53,
   53,
   53,
   53,
   25,
   25,
   25,
   25,
   53,
   53,
   53,
   53,
   25,
   25,
   25,
   25,
   53,
   53,
   53,
   53,
   25,
   25,
   25,
   25,
   53,
   53,
   53,
   53,
   25,
   25,
   25,
   25,
   53,
   [0]=53,
},
-- Table: {114}
{
   53,
   53,
   53,
   26,
   26,
   26,
   26,
   53,
   53,
   53,
   53,
   26,
   26,
   26,
   26,
   53,
   53,
   53,
   53,
   26,
   26,
   26,
   26,
   53,
   53,
   53,
   53,
   26,
   26,
   26,
   26,
   53,
   53,
   53,
   53,
   26,
   26,
   26,
   26,
   53,
   53,
   53,
   53,
   26,
   26,
   26,
   26,
   53,
   53,
   53,
   53,
   26,
   26,
   26,
   26,
   53,
   53,
   53,
   53,
   26,
   26,
   26,
   26,
   53,
   [0]=53,
},
-- Table: {115}
{
   53,
   53,
   53,
   27,
   27,
   27,
   27,
   53,
   53,
   53,
   53,
   27,
   27,
   27,
   27,
   53,
   53,
   53,
   53,
   27,
   27,
   27,
   27,
   53,
   53,
   53,
   53,
   27,
   27,
   27,
   27,
   53,
   53,
   53,
   53,
   27,
   27,
   27,
   27,
   53,
   53,
   53,
   53,
   27,
   27,
   27,
   27,
   53,
   53,
   53,
   53,
   27,
   27,
   27,
   27,
   53,
   53,
   53,
   53,
   27,
   27,
   27,
   27,
   53,
   [0]=53,
},
-- Table: {116}
{
   53,
   53,
   53,
   28,
   28,
   28,
   28,
   53,
   53,
   53,
   53,
   28,
   28,
   28,
   28,
   53,
   53,
   53,
   53,
   28,
   28,
   28,
   28,
   53,
   53,
   53,
   53,
   28,
   28,
   28,
   28,
   53,
   53,
   53,
   53,
   28,
   28,
   28,
   28,
   53,
   53,
   53,
   53,
   28,
   28,
   28,
   28,
   53,
   53,
   53,
   53,
   28,
   28,
   28,
   28,
   53,
   53,
   53,
   53,
   28,
   28,
   28,
   28,
   53,
   [0]=53,
},
-- Table: {117}
{
   5,
   3,
   1,
   29,
   29,
   29,
   29,
   119,
   117,
   115,
   113,
   29,
   29,
   29,
   29,
   103,
   101,
   99,
   97,
   29,
   29,
   29,
   29,
   87,
   85,
   83,
   81,
   29,
   29,
   29,
   29,
   71,
   69,
   67,
   65,
   29,
   29,
   29,
   29,
   55,
   53,
   51,
   49,
   29,
   29,
   29,
   29,
   39,
   37,
   35,
   33,
   29,
   29,
   29,
   29,
   23,
   21,
   19,
   17,
   29,
   29,
   29,
   29,
   7,
   [0]=7,
},
-- Table: {118}
{
   5,
   3,
   1,
   30,
   30,
   30,
   30,
   119,
   117,
   115,
   113,
   30,
   30,
   30,
   30,
   103,
   101,
   99,
   97,
   30,
   30,
   30,
   30,
   87,
   85,
   83,
   81,
   30,
   30,
   30,
   30,
   71,
   69,
   67,
   65,
   30,
   30,
   30,
   30,
   55,
   53,
   51,
   49,
   30,
   30,
   30,
   30,
   39,
   37,
   35,
   33,
   30,
   30,
   30,
   30,
   23,
   21,
   19,
   17,
   30,
   30,
   30,
   30,
   7,
   [0]=7,
},
-- Table: {119}
{
   5,
   3,
   1,
   31,
   31,
   31,
   31,
   119,
   117,
   115,
   113,
   31,
   31,
   31,
   31,
   103,
   101,
   99,
   97,
   31,
   31,
   31,
   31,
   87,
   85,
   83,
   81,
   31,
   31,
   31,
   31,
   71,
   69,
   67,
   65,
   31,
   31,
   31,
   31,
   55,
   53,
   51,
   49,
   31,
   31,
   31,
   31,
   39,
   37,
   35,
   33,
   31,
   31,
   31,
   31,
   23,
   21,
   19,
   17,
   31,
   31,
   31,
   31,
   7,
   [0]=7,
},
-- Table: {120}
{
   5,
   3,
   1,
   32,
   32,
   32,
   32,
   119,
   117,
   115,
   113,
   32,
   32,
   32,
   32,
   103,
   101,
   99,
   97,
   32,
   32,
   32,
   32,
   87,
   85,
   83,
   81,
   32,
   32,
   32,
   32,
   71,
   69,
   67,
   65,
   32,
   32,
   32,
   32,
   55,
   53,
   51,
   49,
   32,
   32,
   32,
   32,
   39,
   37,
   35,
   33,
   32,
   32,
   32,
   32,
   23,
   21,
   19,
   17,
   32,
   32,
   32,
   32,
   7,
   [0]=7,
},
-- Table: {121}
{
   53,
   53,
   53,
   33,
   33,
   33,
   33,
   53,
   53,
   53,
   53,
   33,
   33,
   33,
   33,
   53,
   53,
   53,
   53,
   33,
   33,
   33,
   33,
   53,
   53,
   53,
   53,
   33,
   33,
   33,
   33,
   53,
   53,
   53,
   53,
   33,
   33,
   33,
   33,
   53,
   53,
   53,
   53,
   33,
   33,
   33,
   33,
   53,
   53,
   53,
   53,
   33,
   33,
   33,
   33,
   53,
   53,
   53,
   53,
   33,
   33,
   33,
   33,
   53,
   [0]=53,
},
-- Table: {122}
{
   53,
   53,
   53,
   34,
   34,
   34,
   34,
   53,
   53,
   53,
   53,
   34,
   34,
   34,
   34,
   53,
   53,
   53,
   53,
   34,
   34,
   34,
   34,
   53,
   53,
   53,
   53,
   34,
   34,
   34,
   34,
   53,
   53,
   53,
   53,
   34,
   34,
   34,
   34,
   53,
   53,
   53,
   53,
   34,
   34,
   34,
   34,
   53,
   53,
   53,
   53,
   34,
   34,
   34,
   34,
   53,
   53,
   53,
   53,
   34,
   34,
   34,
   34,
   53,
   [0]=53,
},
-- Table: {123}
{
   53,
   53,
   53,
   35,
   35,
   35,
   35,
   53,
   53,
   53,
   53,
   35,
   35,
   35,
   35,
   53,
   53,
   53,
   53,
   35,
   35,
   35,
   35,
   53,
   53,
   53,
   53,
   35,
   35,
   35,
   35,
   53,
   53,
   53,
   53,
   35,
   35,
   35,
   35,
   53,
   53,
   53,
   53,
   35,
   35,
   35,
   35,
   53,
   53,
   53,
   53,
   35,
   35,
   35,
   35,
   53,
   53,
   53,
   53,
   35,
   35,
   35,
   35,
   53,
   [0]=53,
},
-- Table: {124}
{
   53,
   53,
   53,
   36,
   36,
   36,
   36,
   53,
   53,
   53,
   53,
   36,
   36,
   36,
   36,
   53,
   53,
   53,
   53,
   36,
   36,
   36,
   36,
   53,
   53,
   53,
   53,
   36,
   36,
   36,
   36,
   53,
   53,
   53,
   53,
   36,
   36,
   36,
   36,
   53,
   53,
   53,
   53,
   36,
   36,
   36,
   36,
   53,
   53,
   53,
   53,
   36,
   36,
   36,
   36,
   53,
   53,
   53,
   53,
   36,
   36,
   36,
   36,
   53,
   [0]=53,
},
-- Table: {125}
{
   5,
   3,
   1,
   37,
   37,
   37,
   37,
   119,
   117,
   115,
   113,
   37,
   37,
   37,
   37,
   103,
   101,
   99,
   97,
   37,
   37,
   37,
   37,
   87,
   85,
   83,
   81,
   37,
   37,
   37,
   37,
   71,
   69,
   67,
   65,
   37,
   37,
   37,
   37,
   55,
   53,
   51,
   49,
   37,
   37,
   37,
   37,
   39,
   37,
   35,
   33,
   37,
   37,
   37,
   37,
   23,
   21,
   19,
   17,
   37,
   37,
   37,
   37,
   7,
   [0]=7,
},
-- Table: {126}
{
   5,
   3,
   1,
   38,
   38,
   38,
   38,
   119,
   117,
   115,
   113,
   38,
   38,
   38,
   38,
   103,
   101,
   99,
   97,
   38,
   38,
   38,
   38,
   87,
   85,
   83,
   81,
   38,
   38,
   38,
   38,
   71,
   69,
   67,
   65,
   38,
   38,
   38,
   38,
   55,
   53,
   51,
   49,
   38,
   38,
   38,
   38,
   39,
   37,
   35,
   33,
   38,
   38,
   38,
   38,
   23,
   21,
   19,
   17,
   38,
   38,
   38,
   38,
   7,
   [0]=7,
},
-- Table: {127}
{
   5,
   3,
   1,
   39,
   39,
   39,
   39,
   119,
   117,
   115,
   113,
   39,
   39,
   39,
   39,
   103,
   101,
   99,
   97,
   39,
   39,
   39,
   39,
   87,
   85,
   83,
   81,
   39,
   39,
   39,
   39,
   71,
   69,
   67,
   65,
   39,
   39,
   39,
   39,
   55,
   53,
   51,
   49,
   39,
   39,
   39,
   39,
   39,
   37,
   35,
   33,
   39,
   39,
   39,
   39,
   23,
   21,
   19,
   17,
   39,
   39,
   39,
   39,
   7,
   [0]=7,
},
-- Table: {128}
{
   5,
   3,
   1,
   40,
   40,
   40,
   40,
   119,
   117,
   115,
   113,
   40,
   40,
   40,
   40,
   103,
   101,
   99,
   97,
   40,
   40,
   40,
   40,
   87,
   85,
   83,
   81,
   40,
   40,
   40,
   40,
   71,
   69,
   67,
   65,
   40,
   40,
   40,
   40,
   55,
   53,
   51,
   49,
   40,
   40,
   40,
   40,
   39,
   37,
   35,
   33,
   40,
   40,
   40,
   40,
   23,
   21,
   19,
   17,
   40,
   40,
   40,
   40,
   7,
   [0]=7,
},
-- Table: {129}
{
   53,
   53,
   53,
   41,
   41,
   41,
   41,
   53,
   53,
   53,
   53,
   41,
   41,
   41,
   41,
   53,
   53,
   53,
   53,
   41,
   41,
   41,
   41,
   53,
   53,
   53,
   53,
   41,
   41,
   41,
   41,
   53,
   53,
   53,
   53,
   41,
   41,
   41,
   41,
   53,
   53,
   53,
   53,
   41,
   41,
   41,
   41,
   53,
   53,
   53,
   53,
   41,
   41,
   41,
   41,
   53,
   53,
   53,
   53,
   41,
   41,
   41,
   41,
   53,
   [0]=53,
},
-- Table: {130}
{
   53,
   53,
   53,
   41,
   41,
   41,
   41,
   53,
   53,
   53,
   53,
   41,
   41,
   41,
   41,
   53,
   53,
   53,
   53,
   41,
   41,
   41,
   41,
   53,
   53,
   53,
   53,
   41,
   41,
   41,
   41,
   53,
   53,
   53,
   53,
   41,
   41,
   41,
   41,
   53,
   53,
   53,
   53,
   41,
   41,
   41,
   41,
   53,
   53,
   53,
   53,
   41,
   41,
   41,
   41,
   53,
   53,
   53,
   53,
   41,
   41,
   41,
   41,
   53,
   [0]=53,
},
}